generating image 0/1 with 30 objects
13.028344258 11.5361083619 2726.30558811 12.2225769616 1.33060559267
13.2277875215 14.8950847512 2724.96281645 13.4084118848 0.260262667548
10.4953721706 14.6363615109 2559.30696771 12.5596581282 0.219921548251
13.9898742034 11.8491149158 2448.60250307 12.7558032041 0.24501281168
10.5402207977 12.6348363518 2472.55500111 11.0747991134 1.03126332588
10.7458747176 10.7509627173 2810.15257277 10.7495063907 0.313720179952
12.9833568612 14.916364964 2896.87912075 14.2480026417 0.805505502671
12.279995723 10.0024839029 2880.47993476 11.5479700878 0.336157533882
10.4739276219 11.9011018948 2541.74580572 11.4036311786 0.070982136228
14.5904080703 14.8701282498 2886.06010812 14.7925771538 1.09799317971
13.0361578226 12.6683974332 2715.92952221 12.8429129614 1.40642857521
13.6859916439 11.4350525032 2434.10303599 11.5727356145 1.09853785036
14.6517380421 10.1312840059 2447.31174733 13.6281476941 1.05526554102
10.775485675 13.0132025445 2668.83253816 11.72974816 0.383381498365
11.4071428937 10.8925274095 2469.81216029 11.3091882594 0.783896498598
11.207551791 12.0174760921 2689.71869811 11.5792022673 1.31827051422
13.4952673487 10.8039993871 2609.68087213 12.8277459486 0.0401459784141
14.3650295618 11.7909314561 2824.52021145 11.870510993 1.03792505938
12.3143674945 13.363334574 2779.97715418 12.7535801401 0.44122982704
11.3423761459 10.8589225983 2679.20679092 10.9181226969 0.567077222444
13.0477356237 14.5819576791 2543.99085928 13.2785548442 0.483677356757
10.3714725819 14.5353207775 2445.39643859 12.46035579 1.04966920354
10.5773288368 11.3623827137 2867.6774453 11.1589958731 0.0597237352928
11.1172985474 10.1863600602 2416.84711912 10.8145706744 1.00682168367
13.6759555969 11.062282119 2829.16803274 13.6598771194 0.0201934211917
14.9347745275 10.5853385931 2840.08795484 14.5188873258 0.219608666908
13.8286964512 12.3995745133 2750.72331162 12.6985766149 0.865750141259
14.0252358002 12.2240049337 2650.6407046 12.4121469998 0.636112017176
detecting in  i
sourceDetection INFO: Detected 5 positive sources to 5 sigma.
sourceDetection.background WARN: Too few points in grid to constrain fit: min(nx, ny) < approxOrder) [min(2, 2) < 6]
sourceDetection.background WARN: Reducing approxOrder to 1
sourceDetection INFO: Resubtracting the background after object detection
Total merged objects 5
deblend, measure i
measurement INFO: Measuring 22 sources (5 parents, 17 children) 
